   Depth            BFSolver                A(i)                A(c)           A(+{c,i})         A(+{c,i,4})    A(+{*{i,i},c,4})    A(+{*{s,s},c,4})A(+{*{B,B,s,s},c,4})A(+{*{B,B,a,a},c,4})             A(rand)
       0                    3                   0                   0                   0                   0                   0                   0                   0                   0                   0
       1                    6                   3                   3                   3                   3                   3                   3                   3                   3                   3
       2                   12                  10                   7                  10                  10                   6                   6                   6                   6                   6
       3                   20                  19                  14                  19                  19                  68                  68                  77                 136                  51
       4                   31                  32                  22                  32                  27                  72                  72                  97                 137                  89
       5                   47                  70                  37                  70                  47                 293                 293                 267                 142                 126
       6                   74                  99                  52                  99                  59                 293                 293                 269                 150                 797
       7                  120                 221                  87                 215                  90                 101                 101                 108                 228                 799
       8                  201                 242                 138                 232                  91                 292                 292                 266                 150                 802
       9                  331                 504                 237                 465                 121                 299                 299                 267                 238                 848
      10                  528                 848                 376                 746                 150                 305                 305                 278                 329                 852
      11                  814                1213                 591                1008                 228                 389                 389                 288                 347                1142
      12                 1245                2405                 885                1803                 368                 413                 413                 291                 350                5328
      13                 1850                4721                1320                2416                 457                 493                 493                 352                 354                5331
      14                 2667                6504                1854                3211                 603                1033                1033                 375                 369                5369
      15                 3710                7933                2551                4761                 760                1118                1118                 377                 359                5378
      16                 5013                7962                3220                5910                1074                1147                1148                 381                 375                5413
      17                 6537                8002                4196                6795                1233                1148                1149                 458                 390                5414
      18                 8379                8035                4915                7203                1615                1152                1153                 388                 567                5440
      19                10463                8000                5907                7554                1679                1160                1161                 460                 581                5522
      20                13011                8005                6657                7698                1928                1161                1162                 472                 584                5525
      21                15989                8003                7460                7699                2855                1165                1166                 497                 585                5723
      22                19741                   0                   0                7690                3535                1838                1852                 501                 589                5752
      23                24254                   0                   0                7659                4227                2013                2029                 554                 617                5731
      24                29819                   0                   0                7603                5349                2658                2675                 557                 618                5746
      25                36518                   0                   0                   0                6271                2764                2781                 627                 622                5797
      26                44586                   0                   0                   0                6291                2971                2990                 645                2775                5801
      27                50107                   0                   0                   0                6351                3827                3848                 709                2777                7605
      28                    0                   0                   0                   0                6326                3061                3081                 726                2780                7608
      29                    0                   0                   0                   0                6382                3041                3061                 775                2792                9505
      30                    0                   0                   0                   0                6350                3043                3063                 790                2785                9506
      31                    0                   0                   0                   0                6272                3044                3064                 800                2792                7614
      32                    0                   0                   0                   0                   0                2979                2998                 803                2787                8838
      33                    0                   0                   0                   0                   0                2261                2277                 810                2793                9562
      34                    0                   0                   0                   0                   0                2278                2294                 814                2795                9584
      35                    0                   0                   0                   0                   0                2301                2317                 844                2799               10702
      36                    0                   0                   0                   0                   0                2336                2352                 863                2806               10704
      37                    0                   0                   0                   0                   0                2587                2604                 864                2810               10707
      38                    0                   0                   0                   0                   0                2650                2667                 868                2813               10732
      39                    0                   0                   0                   0                   0                2754                2771                 881                2832               10738
      40                    0                   0                   0                   0                   0                2857                2874                 882                2838               10736
      41                    0                   0                   0                   0                   0                3026                3045                 886                2969               11202
      42                    0                   0                   0                   0                   0                3839                3860                 941                2972               11204
      43                    0                   0                   0                   0                   0                3096                3116                 953                2988               11206
      44                    0                   0                   0                   0                   0                3100                3120                 944                2992               11208
      45                    0                   0                   0                   0                   0                3392                3412                 958                2995               11213
      46                    0                   0                   0                   0                   0                3406                3426                 959                2998               11212
      47                    0                   0                   0                   0                   0                3440                3460                 964                2896               11215
      48                    0                   0                   0                   0                   0                3442                3462                 966                2862               11217
      49                    0                   0                   0                   0                   0                3458                3478                 970                2899               11102
      50                    0                   0                   0                   0                   0                3472                3492                 976                2905               11105
      51                    0                   0                   0                   0                   0                3495                3515                 980                2917               11108
      52                    0                   0                   0                   0                   0                3527                3547                 983                2992               11110
      53                    0                   0                   0                   0                   0                3499                3519                1010                2993               11114
      54                    0                   0                   0                   0                   0                3781                3801                1013                3013               11117
      55                    0                   0                   0                   0                   0                3849                3872                1022                3014               11218
      56                    0                   0                   0                   0                   0                3850                3873                1162                3018               11149
      57                    0                   0                   0                   0                   0                3789                3809                1164                3033               11199
      58                    0                   0                   0                   0                   0                3791                3811                1166                3034               11200
      59                    0                   0                   0                   0                   0                3451                3471                1168                3038               11187
      60                    0                   0                   0                   0                   0                3468                3488                1173                3041               11189
      61                    0                   0                   0                   0                   0                3485                3505                1173                3060               11191
      62                    0                   0                   0                   0                   0                3522                3542                1177                3070               11194
      63                    0                   0                   0                   0                   0                3640                3661                1187                3078               11198
      64                    0                   0                   0                   0                   0                3751                3771                1188                3082               11202
      65                    0                   0                   0                   0                   0                3813                3834                1192                3085               11176
      66                    0                   0                   0                   0                   0                3855                3878                1224                3091               11181
      67                    0                   0                   0                   0                   0                3856                3879                1230                3168               10868
      68                    0                   0                   0                   0                   0                3860                3883                1250                3169               10881
      69                    0                   0                   0                   0                   0                3936                3959                1252                3173               11081
      70                    0                   0                   0                   0                   0                3873                3896                1254                3218               11083
      71                    0                   0                   0                   0                   0                3877                3900                1257                3137               11092
      72                    0                   0                   0                   0                   0                3901                3924                1263                3173               11099
      73                    0                   0                   0                   0                   0                3909                3932                1294                3178               11099
      74                    0                   0                   0                   0                   0                3917                3940                1304                3219               11100
      75                    0                   0                   0                   0                   0                3935                3958                1313                3221               11099
      76                    0                   0                   0                   0                   0                3938                3961                1374                3220               10478
      77                    0                   0                   0                   0                   0                3940                3963                1322                3223               10338
      78                    0                   0                   0                   0                   0                3912                3935                1377                3220               10588
      79                    0                   0                   0                   0                   0                3719                3739                1378                3221               10590
      80                    0                   0                   0                   0                   0                   0                   0                1377                3225               10593
      81                    0                   0                   0                   0                   0                   0                   0                1380                3237               10606
      82                    0                   0                   0                   0                   0                   0                   0                1388                3238               10607
      83                    0                   0                   0                   0                   0                   0                   0                1391                3242               10609
      84                    0                   0                   0                   0                   0                   0                   0                1394                3318               10610
      85                    0                   0                   0                   0                   0                   0                   0                1395                3319               10611
      86                    0                   0                   0                   0                   0                   0                   0                1399                3324               10612
      87                    0                   0                   0                   0                   0                   0                   0                1475                3325               10615
      88                    0                   0                   0                   0                   0                   0                   0                1412                3327               10629
      89                    0                   0                   0                   0                   0                   0                   0                1416                3329               10650
      90                    0                   0                   0                   0                   0                   0                   0                1440                3311               10659
      91                    0                   0                   0                   0                   0                   0                   0                1448                3314               10663
      92                    0                   0                   0                   0                   0                   0                   0                1456                   0               10674
      93                    0                   0                   0                   0                   0                   0                   0                1474                   0               10677
      94                    0                   0                   0                   0                   0                   0                   0                1477                   0               10678
      95                    0                   0                   0                   0                   0                   0                   0                1479                   0                   0
      96                    0                   0                   0                   0                   0                   0                   0                1451                   0                   0
