   Depth            BFSolver                A(i)                A(c)           A(+{c,i})         A(+{c,i,4})    A(+{*{i,i},c,4})    A(+{*{s,s},c,4})A(+{*{B,B,s,s},c,4})A(+{*{B,B,a,a},c,4})             A(rand)
       0                    3                   0                   0                   0                   0                   0                   0                   0                   0                   0
       1                    6                   3                   3                   3                   3                   3                   3                   3                   3                   3
       2                   11                   6                   6                   6                   6                  12                  12                  12                  12                   4
       3                   20                  16                  12                  16                  16                  15                  15                  15                  15                   6
       4                   40                  21                  18                  19                  19                  23                  23                  23                  23                   9
       5                   78                  42                  29                  29                  29                  53                  53                 108                 107                  13
       6                  147                 121                  44                  50                  50                 100                 100                 134                 123                  15
       7                  271                 256                  72                  77                  77                 136                 136                 159                 140                  27
       8                  483                 475                 116                 141                 138                 551                 557                 184                 157                  51
       9                  826                1162                 173                 212                 202                 651                 658                 192                 161                1927
      10                 1348                1864                 240                 320                 298                 690                 701                 207                 226                2063
      11                 2120                4005                 311                 458                 411                 727                 740                 209                 189                4093
      12                 3214                6705                 397                 653                 576                 805                 820                 213                 243                4205
      13                 4675                9125                 501                 752                 655                 834                 851                 234                 256                4206
      14                 6511                9127                 604                 880                 769                 852                 869                 256                 272               10870
      15                 8613                9131                 693                 993                 885                 868                 885                 342                 283               10882
      16                10821                9131                 777                1141                 966                 885                 902                 346                 322               11380
      17                12888                9024                 909                1113                 953                 899                 916                 354                 339               11381
      18                14652                8915                1021                1147                 956                 900                 917                 363                 342               10882
      19                16053                   0                1067                1171                 963                 788                 801                 372                 344               10882
      20                17094                   0                1115                1172                 968                 792                 805                 372                 348               10885
      21                17812                   0                1108                1169                 964                 795                 819                 380                 386               11314
      22                18000                   0                1091                1172                 966                 829                 845                 381                 447               11317
      23                    0                   0                1078                1168                 964                 855                 872                 383                 399               11344
      24                    0                   0                1065                   0                   0                 868                 885                 386                 409               11346
      25                    0                   0                   0                   0                   0                 888                 905                 397                 454               11407
      26                    0                   0                   0                   0                   0                 876                 893                 397                 456               11408
      27                    0                   0                   0                   0                   0                 901                 918                 396                 468               11409
      28                    0                   0                   0                   0                   0                 902                 919                 397                 465               11411
      29                    0                   0                   0                   0                   0                 906                 923                 401                 427               11416
      30                    0                   0                   0                   0                   0                 917                 934                 412                 478               11446
      31                    0                   0                   0                   0                   0                 919                 936                 414                 485               11863
      32                    0                   0                   0                   0                   0                 915                 932                 410                 488               11864
      33                    0                   0                   0                   0                   0                   0                   0                   0                 502               11865
      34                    0                   0                   0                   0                   0                   0                   0                   0                 501               11867
      35                    0                   0                   0                   0                   0                   0                   0                   0                 503               12010
      36                    0                   0                   0                   0                   0                   0                   0                   0                 504               11885
      37                    0                   0                   0                   0                   0                   0                   0                   0                 508               11876
      38                    0                   0                   0                   0                   0                   0                   0                   0                 519               11880
      39                    0                   0                   0                   0                   0                   0                   0                   0                 521               11924
      40                    0                   0                   0                   0                   0                   0                   0                   0                 517               12003
      41                    0                   0                   0                   0                   0                   0                   0                   0                   0               12004
      42                    0                   0                   0                   0                   0                   0                   0                   0                   0               11980
      43                    0                   0                   0                   0                   0                   0                   0                   0                   0               11986
      44                    0                   0                   0                   0                   0                   0                   0                   0                   0               12009
      45                    0                   0                   0                   0                   0                   0                   0                   0                   0               12003
      46                    0                   0                   0                   0                   0                   0                   0                   0                   0               12002
      47                    0                   0                   0                   0                   0                   0                   0                   0                   0               11997
      48                    0                   0                   0                   0                   0                   0                   0                   0                   0               11998
      49                    0                   0                   0                   0                   0                   0                   0                   0                   0               11959
      50                    0                   0                   0                   0                   0                   0                   0                   0                   0               12005
      51                    0                   0                   0                   0                   0                   0                   0                   0                   0               12006
      52                    0                   0                   0                   0                   0                   0                   0                   0                   0               11820
      53                    0                   0                   0                   0                   0                   0                   0                   0                   0               11822
      54                    0                   0                   0                   0                   0                   0                   0                   0                   0               11824
      55                    0                   0                   0                   0                   0                   0                   0                   0                   0               11829
      56                    0                   0                   0                   0                   0                   0                   0                   0                   0               11839
      57                    0                   0                   0                   0                   0                   0                   0                   0                   0               11837
      58                    0                   0                   0                   0                   0                   0                   0                   0                   0               11842
      59                    0                   0                   0                   0                   0                   0                   0                   0                   0               11857
      60                    0                   0                   0                   0                   0                   0                   0                   0                   0               11859
      61                    0                   0                   0                   0                   0                   0                   0                   0                   0               11862
      62                    0                   0                   0                   0                   0                   0                   0                   0                   0               11863
      63                    0                   0                   0                   0                   0                   0                   0                   0                   0               11853
      64                    0                   0                   0                   0                   0                   0                   0                   0                   0               11854
      65                    0                   0                   0                   0                   0                   0                   0                   0                   0               11630
      66                    0                   0                   0                   0                   0                   0                   0                   0                   0               11632
      67                    0                   0                   0                   0                   0                   0                   0                   0                   0               11634
      68                    0                   0                   0                   0                   0                   0                   0                   0                   0               11636
      69                    0                   0                   0                   0                   0                   0                   0                   0                   0               11638
      70                    0                   0                   0                   0                   0                   0                   0                   0                   0               11640
      71                    0                   0                   0                   0                   0                   0                   0                   0                   0               11643
      72                    0                   0                   0                   0                   0                   0                   0                   0                   0               11669
      73                    0                   0                   0                   0                   0                   0                   0                   0                   0               11670
      74                    0                   0                   0                   0                   0                   0                   0                   0                   0               10307
      75                    0                   0                   0                   0                   0                   0                   0                   0                   0               10309
      76                    0                   0                   0                   0                   0                   0                   0                   0                   0               10312
      77                    0                   0                   0                   0                   0                   0                   0                   0                   0               11404
      78                    0                   0                   0                   0                   0                   0                   0                   0                   0               11405
      79                    0                   0                   0                   0                   0                   0                   0                   0                   0               10701
      80                    0                   0                   0                   0                   0                   0                   0                   0                   0               10703
      81                    0                   0                   0                   0                   0                   0                   0                   0                   0               10613
      82                    0                   0                   0                   0                   0                   0                   0                   0                   0               10616
      83                    0                   0                   0                   0                   0                   0                   0                   0                   0               10655
      84                    0                   0                   0                   0                   0                   0                   0                   0                   0               10685
      85                    0                   0                   0                   0                   0                   0                   0                   0                   0               10659
      86                    0                   0                   0                   0                   0                   0                   0                   0                   0               10678
      87                    0                   0                   0                   0                   0                   0                   0                   0                   0               10680
      88                    0                   0                   0                   0                   0                   0                   0                   0                   0               10703
      89                    0                   0                   0                   0                   0                   0                   0                   0                   0               10705
      90                    0                   0                   0                   0                   0                   0                   0                   0                   0               10707
      91                    0                   0                   0                   0                   0                   0                   0                   0                   0               10715
      92                    0                   0                   0                   0                   0                   0                   0                   0                   0               10721
      93                    0                   0                   0                   0                   0                   0                   0                   0                   0               10722
      94                    0                   0                   0                   0                   0                   0                   0                   0                   0               10732
      95                    0                   0                   0                   0                   0                   0                   0                   0                   0               10733
      96                    0                   0                   0                   0                   0                   0                   0                   0                   0               10734
      97                    0                   0                   0                   0                   0                   0                   0                   0                   0               11229
      98                    0                   0                   0                   0                   0                   0                   0                   0                   0               11254
      99                    0                   0                   0                   0                   0                   0                   0                   0                   0               11257
     100                    0                   0                   0                   0                   0                   0                   0                   0                   0               11258
     101                    0                   0                   0                   0                   0                   0                   0                   0                   0               11245
     102                    0                   0                   0                   0                   0                   0                   0                   0                   0               11250
     103                    0                   0                   0                   0                   0                   0                   0                   0                   0               11251
     104                    0                   0                   0                   0                   0                   0                   0                   0                   0               11252
